1931, 5274502
1276, 5277950
1007, 5280363
867, 5282307
782, 5283988
707, 5285525
664, 5286922
626, 5288216
599, 5289452
578, 5290638
550, 5291774
524, 5292861
508, 5293904
491, 5294907
474, 5295881
457, 5296825
447, 5297737
436, 5298627
427, 5299496
416, 5300346
405, 5301174
401, 5301986
393, 5302780
384, 5303560
376, 5304330
372, 5305080
362, 5305819
357, 5306546
352, 5307257
345, 5307958
343, 5308648
339, 5309326
331, 5309998
326, 5310659
322, 5311310
321, 5311952
313, 5312588
311, 5313213
307, 5313830
302, 5314442
300, 5315045
293, 5316232
288, 5317391
281, 5318526
275, 5319643
269, 5320733
266, 5321804
261, 5322856
255, 5323888
248, 5325409
243, 5326403
240, 5327379
240, 5328822
246, 5329790
247, 5330779
248, 5331771
248, 5333253
249, 5334247
252, 5335248
249, 5336751
252, 5337755
254, 5338765
254, 5339780
254, 5340795
256, 5342325
261, 5343355
259, 5344397
261, 5345432
260, 5346472
262, 5348040
262, 5349086
262, 5350137
267, 5351191
268, 5352253
267, 5353316
267, 5354382
270, 5355456
271, 5357087
273, 5358172
273, 5359258
275, 5360354
273, 5361450
278, 5362546
278, 5363654
274, 5364767
264, 5365842
262, 5366893
253, 5367932
248, 5369439
243, 5370428
241, 5371395
235, 5372824
232, 5373759
230, 5374685
226, 5376058
225, 5376957
221, 5378293
217, 5379610
216, 5380483
213, 5381776
212, 5382629
212, 5383901
209, 5385166
207, 5386001
206, 5387242
206, 5388478
203, 5389703
203, 5390516
201, 5391726
199, 5392933
200, 5394133
199, 5395326
197, 5396511
197, 5397299
196, 5398475
198, 5399648
195, 5400819
194, 5401986
194, 5403145
192, 5404302
192, 5405451
192, 5406600
191, 5407743
191, 5408882
190, 5410022
188, 5411158
189, 5412289
189, 5413416
188, 5414543
187, 5415667
187, 5416787
189, 5417908
187, 5419026
185, 5420145
187, 5421259
186, 5422371
185, 5423484
185, 5424588
185, 5425692
188, 5426801
184, 5427910
187, 5429020
186, 5430136
187, 5431251
188, 5432371
188, 5433494
187, 5434619
192, 5435753
190, 5436897
191, 5438040
192, 5439186
192, 5440333
192, 5441486
192, 5442641
195, 5443799
198, 5444972
196, 5446143
197, 5446927
197, 5448109
198, 5449287
199, 5450473
197, 5451659
200, 5452851
201, 5454053
202, 5454861
201, 5456071
202, 5457282
203, 5458500
204, 5459311
206, 5460531
205, 5461757
207, 5462986
209, 5464229
205, 5465060
204, 5466290
202, 5467509
201, 5468714
200, 5469518
197, 5470711
198, 5471888
197, 5473090
196, 5474273
195, 5475444
194, 5476611
194, 5477387
194, 5478546
192, 5479704
192, 5480854
193, 5482001
192, 5483150
190, 5484291
189, 5485432
189, 5486568
190, 5487698
188, 5488828
186, 5489946
190, 5491075
188, 5492207
187, 5493328
187, 5494448
187, 5495566
185, 5496682
186, 5497789
186, 5498897
185, 5500008
187, 5501121
184, 5502230
184, 5503706
182, 5504806
184, 5505909
184, 5507013
182, 5508109
182, 5509203
184, 5510305
179, 5511409
183, 5512499
182, 5513598
182, 5514691
182, 5515782
180, 5517235
183, 5518322
181, 5519424
184, 5520514
182, 5521609
181, 5522695
182, 5523783
181, 5524871
180, 5525952
183, 5527403
182, 5528494
182, 5529591
184, 5530686
184, 5531785
185, 5532888
185, 5533991
186, 5535098
192, 5536217
188, 5537338
188, 5538463
187, 5539590
189, 5540717
191, 5541850
190, 5542986
191, 5544123
195, 5545271
193, 5546426
194, 5547581
193, 5548740
193, 5549901
195, 5551066
195, 5552233
197, 5553014
197, 5554193
198, 5555383
197, 5556572
199, 5557761
200, 5558959
198, 5559759
201, 5560954
200, 5562161
202, 5563372
203, 5564594
201, 5565403
200, 5566606
199, 5567802
199, 5568989
198, 5570175
195, 5571351
194, 5572521
195, 5573299
191, 5574464
195, 5575622
192, 5576779
191, 5577927
191, 5579077
191, 5580219
189, 5581358
189, 5582494
189, 5583627
189, 5584761
189, 5585886
188, 5587015
187, 5588140
186, 5589261
185, 5590373
188, 5591487
186, 5592612
184, 5593728
186, 5594835
185, 5595950
186, 5597057
184, 5598164
183, 5599266
186, 5600736
184, 5601844
184, 5602947
184, 5604049
183, 5605147
183, 5606242
183, 5607335
183, 5608428
186, 5609526
182, 5610623
183, 5611718
182, 5612814
183, 5614270
180, 5615360
179, 5616441
183, 5617528
182, 5618629
182, 5619712
182, 5620804
181, 5621892
180, 5622979
179, 5624422
180, 5625500
182, 5626588
179, 5627678
182, 5628759
184, 5629851
182, 5630953
182, 5632046
184, 5633144
185, 5634250
187, 5635731
185, 5636851
186, 5637971
187, 5639092
187, 5640217
189, 5641345
189, 5642477
192, 5643608
194, 5644757
191, 5645525
193, 5646672
193, 5647826
192, 5648980
193, 5650141
194, 5651303
196, 5652465
198, 5653642
197, 5654828
198, 5656007
199, 5656798
198, 5657988
200, 5659179
197, 5660375
200, 5661568
202, 5662777
205, 5663586
202, 5664800
199, 5666004
199, 5667199
198, 5668386
197, 5669566
196, 5670349
195, 5671516
195, 5672681
193, 5673852
193, 5675012
193, 5676164
191, 5677314
191, 5678462
191, 5679602
189, 5680735
190, 5681868
189, 5683009
188, 5684139
188, 5685266
187, 5686392
186, 5687512
187, 5688628
186, 5689747
186, 5690861
185, 5691978
187, 5693092
185, 5694203
185, 5695313
185, 5696419
184, 5697524
183, 5698626
185, 5699724
186, 5700834
182, 5702304
179, 5703410
183, 5704505
182, 5705600
182, 5706693
182, 5707779
187, 5708883
183, 5709979
183, 5711077
183, 5712172
183, 5713263
180, 5714715
180, 5715792
182, 5716886
181, 5717987
182, 5719071
182, 5720158
182, 5721247
181, 5722334
180, 5723418
180, 5724860
181, 5725942
180, 5727034
180, 5728118
183, 5729206
183, 5730297
183, 5731390
183, 5732489
182, 5733587
185, 5734692
186, 5735810
186, 5737296
188, 5738413
188, 5739534
189, 5740658
188, 5741785
190, 5742913
193, 5744058
191, 5744823
193, 5745967
193, 5747120
192, 5748270
194, 5749423
194, 5750583
195, 5751741
197, 5752912
195, 5754093
197, 5755274
197, 5756455
197, 5757247
197, 5758435
198, 5759623
199, 5760817
201, 5762017
202, 5763232
203, 5764038
201, 5765246
200, 5766449
198, 5767645
197, 5768827
196, 5770004
197, 5770788
195, 5771955
194, 5773123
193, 5774284
194, 5775440
192, 5776594
190, 5777743
191, 5778884
189, 5780024
190, 5781158
188, 5782295
189, 5783428
188, 5784557
188, 5785683
186, 5786808
186, 5787930
186, 5789045
187, 5790161
184, 5791280
187, 5792393
186, 5793505
185, 5794614
185, 5795723
185, 5796832
183, 5797934
184, 5799035
183, 5800145
185, 5801613
183, 5802716
184, 5803812
183, 5804910
183, 5806005
181, 5807092
187, 5808192
183, 5809292
182, 5810387
182, 5811479
183, 5812570
181, 5814024
182, 5815113
180, 5816201
181, 5817291
183, 5818378
181, 5819467
183, 5820554
180, 5821641
180, 5822723
182, 5824169
181, 5825253
180, 5826340
181, 5827426
182, 5828508
182, 5829599
182, 5830688
184, 5831782
184, 5832879
185, 5833982
185, 5835465
186, 5836580
186, 5837695
187, 5838815
188, 5839935
187, 5841061
190, 5842188
192, 5843324
190, 5844468
191, 5845609
192, 5846756
192, 5847522
191, 5848673
193, 5849826
195, 5850979
196, 5852146
195, 5853321
197, 5854493
197, 5855670
196, 5856849
197, 5858033
197, 5858823
200, 5860009
205, 5861205
202, 5862411
200, 5863620
201, 5864824
200, 5865624
199, 5866817
198, 5868003
196, 5869184
195, 5870355
196, 5871521
194, 5872691
193, 5873467
193, 5874624
192, 5875779
190, 5876926
191, 5878070
189, 5879210
189, 5880342
189, 5881484
188, 5882619
189, 5883748
189, 5884876
187, 5885999
187, 5887116
183, 5888227
188, 5889343
184, 5890470
184, 5891583
185, 5892694
184, 5893803
185, 5895275
184, 5896380
185, 5897481
186, 5898583
184, 5899685
182, 5900790
184, 5901887
184, 5902983
184, 5904078
182, 5905174
182, 5906266
184, 5907355
183, 5908820
181, 5909909
182, 5911003
181, 5912094
181, 5913181
180, 5914264
180, 5915345
183, 5916441
183, 5917528
182, 5918977
183, 5920064
180, 5921149
180, 5922232
180, 5923312
181, 5924392
181, 5925478
182, 5926560
181, 5927644
181, 5929086
181, 5930173
182, 5931262
183, 5932354
187, 5933455
185, 5934562
185, 5935671
186, 5936780
187, 5937892
187, 5939010
187, 5940127
188, 5941251
191, 5942382
190, 5943521
190, 5944658
191, 5945799
193, 5946942
192, 5948092
193, 5949244
193, 5950397
197, 5951560
195, 5952732
196, 5953901
197, 5955077
196, 5955861
197, 5957040
197, 5958223
197, 5959409
201, 5960603
199, 5961810
200, 5962608
201, 5963815
200, 5965021
197, 5966221
198, 5967409
196, 5968590
196, 5969766
197, 5970548
195, 5971721
194, 5972887
192, 5974049
193, 5975203
192, 5976350
191, 5977499
190, 5978634
193, 5979774
191, 5980919
189, 5982056
189, 5983186
187, 5984316
188, 5985439
188, 5986561
185, 5987677
189, 5988795
188, 5989917
185, 5991035
185, 5992149
186, 5993259
186, 5994366
185, 5995473
185, 5996576
187, 5997681
184, 5998790
182, 5999894
184, 6000994
183, 6002461
182, 6003557
181, 6004650
182, 6005740
184, 6006842
182, 6007934
182, 6009028
182, 6010121
181, 6011210
182, 6012298
180, 6013748
182, 6014834
181, 6015924
182, 6017012
179, 6018100
183, 6019185
180, 6020269
180, 6021350
181, 6022792
183, 6023877
180, 6024963
181, 6026050
181, 6027132
181, 6028212
183, 6029298
182, 6030386
184, 6031475
184, 6032949
184, 6034052
184, 6035161
184, 6036269
185, 6037380
186, 6038496
185, 6039615
188, 6040732
191, 6041872
191, 6043007
189, 6044146
190, 6045285
190, 6046429
191, 6047577
190, 6048725
194, 6049880
196, 6050656
196, 6051823
196, 6052994
197, 6054165
197, 6055340
197, 6056518
197, 6057699
199, 6058884
202, 6059683
198, 6060888
203, 6062086
202, 6063295
200, 6064501
199, 6065304
197, 6066498
198, 6067682
198, 6068867
195, 6070054
196, 6071224
193, 6072390
193, 6073553
192, 6074713
192, 6075478
193, 6076628
191, 6077773
193, 6078914
191, 6080056
190, 6081195
190, 6082329
189, 6083460
188, 6084584
189, 6085707
187, 6086826
190, 6087945
187, 6089067
187, 6090187
186, 6091300
186, 6092413
183, 6093892
181, 6094993
184, 6096090
185, 6097205
183, 6098310
184, 6099410
184, 6100512
181, 6101611
183, 6102704
181, 6103799
182, 6104892
183, 6105990
183, 6107087
182, 6108543
182, 6109636
182, 6110729
182, 6111818
181, 6112904
181, 6113989
181, 6115083
182, 6116172
182, 6117257
182, 6118708
181, 6119792
181, 6120874
181, 6121951
185, 6123037
183, 6124127
181, 6125213
181, 6126296
180, 6127740
180, 6128820
181, 6129904
182, 6130995
185, 6132097
183, 6133199
184, 6134302
184, 6135409
184, 6136518
186, 6137628
186, 6138743
189, 6139863
190, 6140996
189, 6142129
190, 6143261
190, 6144398
191, 6145538
192, 6146682
192, 6147825
193, 6148978
194, 6150145
194, 6151308
194, 6152475
195, 6153643
196, 6154816
197, 6155600
197, 6156776
199, 6157958
201, 6159158
199, 6160350
200, 6161548
200, 6162352
200, 6163557
201, 6164759
198, 6165957
198, 6167141
200, 6168333
197, 6169128
195, 6170305
194, 6171472
192, 6172639
193, 6173798
191, 6174953
191, 6176104
191, 6177250
190, 6178397
190, 6179535
188, 6180673
189, 6181807
188, 6182938
187, 6184067
187, 6185190
187, 6186311
186, 6187434
187, 6188552
186, 6189667
186, 6190783
184, 6191896
185, 6193005
184, 6194113
185, 6195215
185, 6196325
184, 6197432
185, 6198534
184, 6199638
182, 6200737
183, 6202198
183, 6203295
183, 6204390
182, 6205487
183, 6206583
183, 6207675
182, 6208770
181, 6209861
181, 6210948
182, 6212036
183, 6213490
181, 6214579
183, 6215668
182, 6216759
182, 6217846
181, 6218933
180, 6220011
181, 6221091
185, 6222181
181, 6223631
182, 6224716
180, 6225802
179, 6226883
179, 6227962
180, 6229043
181, 6230132
182, 6231230
184, 6232327
185, 6233795
185, 6234900
185, 6236007
184, 6237115
188, 6238222
187, 6239345
186, 6240474
189, 6241601
190, 6242731
189, 6243862
190, 6244999
190, 6246137
191, 6247276
191, 6248428
193, 6249584
194, 6250742
194, 6251517
193, 6252678
195, 6253844
195, 6255014
195, 6256183
196, 6257364
198, 6258554
200, 6259739
200, 6260536
200, 6261734
201, 6262928
202, 6264133
201, 6265339
197, 6266535
198, 6267325
196, 6268513
196, 6269692
197, 6270863
194, 6272032
193, 6273197
